set1_score: 0.526666666667
set2_score: 1.000000000000
set3_score: 0.526666666667
Duration: 0
