set1_score: 0.350000000000
set2_score: 1.000000000000
set3_score: 0.330000000000
Duration: 0
