set1_score: 0.230769230769
set2_score: 0.184615384615
set3_score: 0.230769230769
Duration: 0
