set1_score: 0.076923076923
set2_score: 0.076923076923
set3_score: 0.076923076923
Duration: 0
