set1_score: 0.000000000000
set2_score: 0.153846153846
set3_score: 0.153846153846
Duration: 0
