set1_score: 0.320000000000
set2_score: 1.000000000000
set3_score: 0.310000000000
Duration: 0
