set1_score: 0.300000000000
set2_score: 1.000000000000
set3_score: 0.270000000000
Duration: 0
