set1_score: 0.307692307692
set2_score: 0.553846153846
set3_score: 0.307692307692
Duration: 0
