set1_score: 0.153846153846
set2_score: 0.138461538462
set3_score: 0.153846153846
Duration: 0
